-2.200000000000000000e+01
-2.197500000000000142e+01
-2.195000000000000284e+01
-2.192500000000000426e+01
-2.190000000000000568e+01
-2.187500000000000711e+01
-2.185000000000000853e+01
-2.182500000000000995e+01
-2.180000000000001137e+01
-2.177500000000001279e+01
-2.175000000000001421e+01
-2.172500000000001563e+01
-2.170000000000001705e+01
-2.167500000000001847e+01
-2.165000000000001990e+01
-2.162500000000002132e+01
-2.160000000000002274e+01
-2.157500000000002416e+01
-2.155000000000002558e+01
-2.152500000000002700e+01
-2.150000000000002842e+01
-2.147500000000002984e+01
-2.145000000000003126e+01
-2.142500000000003268e+01
-2.140000000000003411e+01
-2.137500000000003553e+01
-2.135000000000003695e+01
-2.132500000000003837e+01
-2.130000000000003979e+01
-2.127500000000004121e+01
-2.125000000000004263e+01
-2.122500000000004405e+01
-2.120000000000004547e+01
-2.117500000000004690e+01
-2.115000000000004832e+01
-2.112500000000004974e+01
-2.110000000000005116e+01
-2.107500000000005258e+01
-2.105000000000005400e+01
-2.102500000000005542e+01
-2.100000000000005684e+01
-2.097500000000005826e+01
-2.095000000000005969e+01
-2.092500000000006111e+01
-2.090000000000006253e+01
-2.087500000000006395e+01
-2.085000000000006537e+01
-2.082500000000006679e+01
-2.080000000000006821e+01
-2.077500000000006963e+01
-2.075000000000007105e+01
-2.072500000000007248e+01
-2.070000000000007390e+01
-2.067500000000007532e+01
-2.065000000000007674e+01
-2.062500000000007816e+01
-2.060000000000007958e+01
-2.057500000000008100e+01
-2.055000000000008242e+01
-2.052500000000008384e+01
-2.050000000000008527e+01
-2.047500000000008669e+01
-2.045000000000008811e+01
-2.042500000000008953e+01
-2.040000000000009095e+01
-2.037500000000009237e+01
-2.035000000000009379e+01
-2.032500000000009521e+01
-2.030000000000009663e+01
-2.027500000000009805e+01
-2.025000000000009948e+01
-2.022500000000010090e+01
-2.020000000000010232e+01
-2.017500000000010374e+01
-2.015000000000010516e+01
-2.012500000000010658e+01
-2.010000000000010800e+01
-2.007500000000010942e+01
-2.005000000000011084e+01
-2.002500000000011227e+01
-2.000000000000011369e+01
-1.997500000000011511e+01
-1.995000000000011653e+01
-1.992500000000011795e+01
-1.990000000000011937e+01
-1.987500000000012079e+01
-1.985000000000012221e+01
-1.982500000000012363e+01
-1.980000000000012506e+01
-1.977500000000012648e+01
-1.975000000000012790e+01
-1.972500000000012932e+01
-1.970000000000013074e+01
-1.967500000000013216e+01
-1.965000000000013358e+01
-1.962500000000013500e+01
-1.960000000000013642e+01
-1.957500000000013785e+01
-1.955000000000013927e+01
-1.952500000000014069e+01
-1.950000000000014211e+01
-1.947500000000014353e+01
-1.945000000000014495e+01
-1.942500000000014637e+01
-1.940000000000014779e+01
-1.937500000000014921e+01
-1.935000000000015064e+01
-1.932500000000015206e+01
-1.930000000000015348e+01
-1.927500000000015490e+01
-1.925000000000015632e+01
-1.922500000000015774e+01
-1.920000000000015916e+01
-1.917500000000016058e+01
-1.915000000000016200e+01
-1.912500000000016342e+01
-1.910000000000016485e+01
-1.907500000000016627e+01
-1.905000000000016769e+01
-1.902500000000016911e+01
-1.900000000000017053e+01
-1.897500000000017195e+01
-1.895000000000017337e+01
-1.892500000000017479e+01
-1.890000000000017621e+01
-1.887500000000017764e+01
-1.885000000000017906e+01
-1.882500000000018048e+01
-1.880000000000018190e+01
-1.877500000000018332e+01
-1.875000000000018474e+01
-1.872500000000018616e+01
-1.870000000000018758e+01
-1.867500000000018900e+01
-1.865000000000019043e+01
-1.862500000000019185e+01
-1.860000000000019327e+01
-1.857500000000019469e+01
-1.855000000000019611e+01
-1.852500000000019753e+01
-1.850000000000019895e+01
-1.847500000000020037e+01
-1.845000000000020179e+01
-1.842500000000020322e+01
-1.840000000000020464e+01
-1.837500000000020606e+01
-1.835000000000020748e+01
-1.832500000000020890e+01
-1.830000000000021032e+01
-1.827500000000021174e+01
-1.825000000000021316e+01
-1.822500000000021458e+01
-1.820000000000021600e+01
-1.817500000000021743e+01
-1.815000000000021885e+01
-1.812500000000022027e+01
-1.810000000000022169e+01
-1.807500000000022311e+01
-1.805000000000022453e+01
-1.802500000000022595e+01
-1.800000000000022737e+01
-1.797500000000022879e+01
-1.795000000000023022e+01
-1.792500000000023164e+01
-1.790000000000023306e+01
-1.787500000000023448e+01
-1.785000000000023590e+01
-1.782500000000023732e+01
-1.780000000000023874e+01
-1.777500000000024016e+01
-1.775000000000024158e+01
-1.772500000000024301e+01
-1.770000000000024443e+01
-1.767500000000024585e+01
-1.765000000000024727e+01
-1.762500000000024869e+01
-1.760000000000025011e+01
-1.757500000000025153e+01
-1.755000000000025295e+01
-1.752500000000025437e+01
-1.750000000000025580e+01
-1.747500000000025722e+01
-1.745000000000025864e+01
-1.742500000000026006e+01
-1.740000000000026148e+01
-1.737500000000026290e+01
-1.735000000000026432e+01
-1.732500000000026574e+01
-1.730000000000026716e+01
-1.727500000000026859e+01
-1.725000000000027001e+01
-1.722500000000027143e+01
-1.720000000000027285e+01
-1.717500000000027427e+01
-1.715000000000027569e+01
-1.712500000000027711e+01
-1.710000000000027853e+01
-1.707500000000027995e+01
-1.705000000000028137e+01
-1.702500000000028280e+01
-1.700000000000028422e+01
-1.697500000000028564e+01
-1.695000000000028706e+01
-1.692500000000028848e+01
-1.690000000000028990e+01
-1.687500000000029132e+01
-1.685000000000029274e+01
-1.682500000000029416e+01
-1.680000000000029559e+01
-1.677500000000029701e+01
-1.675000000000029843e+01
-1.672500000000029985e+01
-1.670000000000030127e+01
-1.667500000000030269e+01
-1.665000000000030411e+01
-1.662500000000030553e+01
-1.660000000000030695e+01
-1.657500000000030838e+01
-1.655000000000030980e+01
-1.652500000000031122e+01
-1.650000000000031264e+01
-1.647500000000031406e+01
-1.645000000000031548e+01
-1.642500000000031690e+01
-1.640000000000031832e+01
-1.637500000000031974e+01
-1.635000000000032117e+01
-1.632500000000032259e+01
-1.630000000000032401e+01
-1.627500000000032543e+01
-1.625000000000032685e+01
-1.622500000000032827e+01
-1.620000000000032969e+01
-1.617500000000033111e+01
-1.615000000000033253e+01
-1.612500000000033396e+01
-1.610000000000033538e+01
-1.607500000000033680e+01
-1.605000000000033822e+01
-1.602500000000033964e+01
-1.600000000000034106e+01
-1.597500000000034248e+01
-1.595000000000034390e+01
-1.592500000000034532e+01
-1.590000000000034674e+01
-1.587500000000034817e+01
-1.585000000000034959e+01
-1.582500000000035101e+01
-1.580000000000035243e+01
-1.577500000000035385e+01
-1.575000000000035527e+01
-1.572500000000035669e+01
-1.570000000000035811e+01
-1.567500000000035953e+01
-1.565000000000036096e+01
-1.562500000000036238e+01
-1.560000000000036380e+01
-1.557500000000036522e+01
-1.555000000000036664e+01
-1.552500000000036806e+01
-1.550000000000036948e+01
-1.547500000000037090e+01
-1.545000000000037232e+01
-1.542500000000037375e+01
-1.540000000000037517e+01
-1.537500000000037659e+01
-1.535000000000037801e+01
-1.532500000000037943e+01
-1.530000000000038085e+01
-1.527500000000038227e+01
-1.525000000000038369e+01
-1.522500000000038511e+01
-1.520000000000038654e+01
-1.517500000000038796e+01
-1.515000000000038938e+01
-1.512500000000039080e+01
-1.510000000000039222e+01
-1.507500000000039364e+01
-1.505000000000039506e+01
-1.502500000000039648e+01
-1.500000000000039790e+01
-1.497500000000039933e+01
-1.495000000000040075e+01
-1.492500000000040217e+01
-1.490000000000040359e+01
-1.487500000000040501e+01
-1.485000000000040643e+01
-1.482500000000040785e+01
-1.480000000000040927e+01
-1.477500000000041069e+01
-1.475000000000041211e+01
-1.472500000000041354e+01
-1.470000000000041496e+01
-1.467500000000041638e+01
-1.465000000000041780e+01
-1.462500000000041922e+01
-1.460000000000042064e+01
-1.457500000000042206e+01
-1.455000000000042348e+01
-1.452500000000042490e+01
-1.450000000000042633e+01
-1.447500000000042775e+01
-1.445000000000042917e+01
-1.442500000000043059e+01
-1.440000000000043201e+01
-1.437500000000043343e+01
-1.435000000000043485e+01
-1.432500000000043627e+01
-1.430000000000043769e+01
-1.427500000000043912e+01
-1.425000000000044054e+01
-1.422500000000044196e+01
-1.420000000000044338e+01
-1.417500000000044480e+01
-1.415000000000044622e+01
-1.412500000000044764e+01
-1.410000000000044906e+01
-1.407500000000045048e+01
-1.405000000000045191e+01
-1.402500000000045333e+01
-1.400000000000045475e+01
-1.397500000000045617e+01
-1.395000000000045759e+01
-1.392500000000045901e+01
-1.390000000000046043e+01
-1.387500000000046185e+01
-1.385000000000046327e+01
-1.382500000000046469e+01
-1.380000000000046612e+01
-1.377500000000046754e+01
-1.375000000000046896e+01
-1.372500000000047038e+01
-1.370000000000047180e+01
-1.367500000000047322e+01
-1.365000000000047464e+01
-1.362500000000047606e+01
-1.360000000000047748e+01
-1.357500000000047891e+01
-1.355000000000048033e+01
-1.352500000000048175e+01
-1.350000000000048317e+01
-1.347500000000048459e+01
-1.345000000000048601e+01
-1.342500000000048743e+01
-1.340000000000048885e+01
-1.337500000000049027e+01
-1.335000000000049170e+01
-1.332500000000049312e+01
-1.330000000000049454e+01
-1.327500000000049596e+01
-1.325000000000049738e+01
-1.322500000000049880e+01
-1.320000000000050022e+01
-1.317500000000050164e+01
-1.315000000000050306e+01
-1.312500000000050449e+01
-1.310000000000050591e+01
-1.307500000000050733e+01
-1.305000000000050875e+01
-1.302500000000051017e+01
-1.300000000000051159e+01
-1.297500000000051301e+01
-1.295000000000051443e+01
-1.292500000000051585e+01
-1.290000000000051728e+01
-1.287500000000051870e+01
-1.285000000000052012e+01
-1.282500000000052154e+01
-1.280000000000052296e+01
-1.277500000000052438e+01
-1.275000000000052580e+01
-1.272500000000052722e+01
-1.270000000000052864e+01
-1.267500000000053006e+01
-1.265000000000053149e+01
-1.262500000000053291e+01
-1.260000000000053433e+01
-1.257500000000053575e+01
-1.255000000000053717e+01
-1.252500000000053859e+01
-1.250000000000054001e+01
-1.247500000000054143e+01
-1.245000000000054285e+01
-1.242500000000054428e+01
-1.240000000000054570e+01
-1.237500000000054712e+01
-1.235000000000054854e+01
-1.232500000000054996e+01
-1.230000000000055138e+01
-1.227500000000055280e+01
-1.225000000000055422e+01
-1.222500000000055564e+01
-1.220000000000055707e+01
-1.217500000000055849e+01
-1.215000000000055991e+01
-1.212500000000056133e+01
-1.210000000000056275e+01
-1.207500000000056417e+01
-1.205000000000056559e+01
-1.202500000000056701e+01
-1.200000000000056843e+01
-1.197500000000056986e+01
-1.195000000000057128e+01
-1.192500000000057270e+01
-1.190000000000057412e+01
-1.187500000000057554e+01
-1.185000000000057696e+01
-1.182500000000057838e+01
-1.180000000000057980e+01
-1.177500000000058122e+01
-1.175000000000058265e+01
-1.172500000000058407e+01
-1.170000000000058549e+01
-1.167500000000058691e+01
-1.165000000000058833e+01
-1.162500000000058975e+01
-1.160000000000059117e+01
-1.157500000000059259e+01
-1.155000000000059401e+01
-1.152500000000059543e+01
-1.150000000000059686e+01
-1.147500000000059828e+01
-1.145000000000059970e+01
-1.142500000000060112e+01
-1.140000000000060254e+01
-1.137500000000060396e+01
-1.135000000000060538e+01
-1.132500000000060680e+01
-1.130000000000060822e+01
-1.127500000000060965e+01
-1.125000000000061107e+01
-1.122500000000061249e+01
-1.120000000000061391e+01
-1.117500000000061533e+01
-1.115000000000061675e+01
-1.112500000000061817e+01
-1.110000000000061959e+01
-1.107500000000062101e+01
-1.105000000000062244e+01
-1.102500000000062386e+01
-1.100000000000062528e+01
-1.097500000000062670e+01
-1.095000000000062812e+01
-1.092500000000062954e+01
-1.090000000000063096e+01
-1.087500000000063238e+01
-1.085000000000063380e+01
-1.082500000000063523e+01
-1.080000000000063665e+01
-1.077500000000063807e+01
-1.075000000000063949e+01
-1.072500000000064091e+01
-1.070000000000064233e+01
-1.067500000000064375e+01
-1.065000000000064517e+01
-1.062500000000064659e+01
-1.060000000000064801e+01
-1.057500000000064944e+01
-1.055000000000065086e+01
-1.052500000000065228e+01
-1.050000000000065370e+01
-1.047500000000065512e+01
-1.045000000000065654e+01
-1.042500000000065796e+01
-1.040000000000065938e+01
-1.037500000000066080e+01
-1.035000000000066223e+01
-1.032500000000066365e+01
-1.030000000000066507e+01
-1.027500000000066649e+01
-1.025000000000066791e+01
-1.022500000000066933e+01
-1.020000000000067075e+01
-1.017500000000067217e+01
-1.015000000000067359e+01
-1.012500000000067502e+01
-1.010000000000067644e+01
-1.007500000000067786e+01
-1.005000000000067928e+01
-1.002500000000068070e+01
-1.000000000000068212e+01
-9.975000000000683542e+00
-9.950000000000684963e+00
-9.925000000000686384e+00
-9.900000000000687805e+00
-9.875000000000689226e+00
-9.850000000000690648e+00
-9.825000000000692069e+00
-9.800000000000693490e+00
-9.775000000000694911e+00
-9.750000000000696332e+00
-9.725000000000697753e+00
-9.700000000000699174e+00
-9.675000000000700595e+00
-9.650000000000702016e+00
-9.625000000000703437e+00
-9.600000000000704858e+00
-9.575000000000706279e+00
-9.550000000000707701e+00
-9.525000000000709122e+00
-9.500000000000710543e+00
-9.475000000000711964e+00
-9.450000000000713385e+00
-9.425000000000714806e+00
-9.400000000000716227e+00
-9.375000000000717648e+00
-9.350000000000719069e+00
-9.325000000000720490e+00
-9.300000000000721911e+00
-9.275000000000723333e+00
-9.250000000000724754e+00
-9.225000000000726175e+00
-9.200000000000727596e+00
-9.175000000000729017e+00
-9.150000000000730438e+00
-9.125000000000731859e+00
-9.100000000000733280e+00
-9.075000000000734701e+00
-9.050000000000736122e+00
-9.025000000000737543e+00
-9.000000000000738964e+00
-8.975000000000740386e+00
-8.950000000000741807e+00
-8.925000000000743228e+00
-8.900000000000744649e+00
-8.875000000000746070e+00
-8.850000000000747491e+00
-8.825000000000748912e+00
-8.800000000000750333e+00
-8.775000000000751754e+00
-8.750000000000753175e+00
-8.725000000000754596e+00
-8.700000000000756017e+00
-8.675000000000757439e+00
-8.650000000000758860e+00
-8.625000000000760281e+00
-8.600000000000761702e+00
-8.575000000000763123e+00
-8.550000000000764544e+00
-8.525000000000765965e+00
-8.500000000000767386e+00
-8.475000000000768807e+00
-8.450000000000770228e+00
-8.425000000000771649e+00
-8.400000000000773070e+00
-8.375000000000774492e+00
-8.350000000000775913e+00
-8.325000000000777334e+00
-8.300000000000778755e+00
-8.275000000000780176e+00
-8.250000000000781597e+00
-8.225000000000783018e+00
-8.200000000000784439e+00
-8.175000000000785860e+00
-8.150000000000787281e+00
-8.125000000000788702e+00
-8.100000000000790124e+00
-8.075000000000791545e+00
-8.050000000000792966e+00
-8.025000000000794387e+00
-8.000000000000795808e+00
-7.975000000000797229e+00
-7.950000000000798650e+00
-7.925000000000800071e+00
-7.900000000000801492e+00
-7.875000000000802913e+00
-7.850000000000804334e+00
-7.825000000000805755e+00
-7.800000000000807177e+00
-7.775000000000808598e+00
-7.750000000000810019e+00
-7.725000000000811440e+00
-7.700000000000812861e+00
-7.675000000000814282e+00
-7.650000000000815703e+00
-7.625000000000817124e+00
-7.600000000000818545e+00
-7.575000000000819966e+00
-7.550000000000821387e+00
-7.525000000000822808e+00
-7.500000000000824230e+00
-7.475000000000825651e+00
-7.450000000000827072e+00
-7.425000000000828493e+00
-7.400000000000829914e+00
-7.375000000000831335e+00
-7.350000000000832756e+00
-7.325000000000834177e+00
-7.300000000000835598e+00
-7.275000000000837019e+00
-7.250000000000838440e+00
-7.225000000000839862e+00
-7.200000000000841283e+00
-7.175000000000842704e+00
-7.150000000000844125e+00
-7.125000000000845546e+00
-7.100000000000846967e+00
-7.075000000000848388e+00
-7.050000000000849809e+00
-7.025000000000851230e+00
-7.000000000000852651e+00
-6.975000000000854072e+00
-6.950000000000855493e+00
-6.925000000000856915e+00
-6.900000000000858336e+00
-6.875000000000859757e+00
-6.850000000000861178e+00
-6.825000000000862599e+00
-6.800000000000864020e+00
-6.775000000000865441e+00
-6.750000000000866862e+00
-6.725000000000868283e+00
-6.700000000000869704e+00
-6.675000000000871125e+00
-6.650000000000872546e+00
-6.625000000000873968e+00
-6.600000000000875389e+00
-6.575000000000876810e+00
-6.550000000000878231e+00
-6.525000000000879652e+00
-6.500000000000881073e+00
-6.475000000000882494e+00
-6.450000000000883915e+00
-6.425000000000885336e+00
-6.400000000000886757e+00
-6.375000000000888178e+00
-6.350000000000889600e+00
-6.325000000000891021e+00
-6.300000000000892442e+00
-6.275000000000893863e+00
-6.250000000000895284e+00
-6.225000000000896705e+00
-6.200000000000898126e+00
-6.175000000000899547e+00
-6.150000000000900968e+00
-6.125000000000902389e+00
-6.100000000000903810e+00
-6.075000000000905231e+00
-6.050000000000906653e+00
-6.025000000000908074e+00
-6.000000000000909495e+00
-5.975000000000910916e+00
-5.950000000000912337e+00
-5.925000000000913758e+00
-5.900000000000915179e+00
-5.875000000000916600e+00
-5.850000000000918021e+00
-5.825000000000919442e+00
-5.800000000000920863e+00
-5.775000000000922284e+00
-5.750000000000923706e+00
-5.725000000000925127e+00
-5.700000000000926548e+00
-5.675000000000927969e+00
-5.650000000000929390e+00
-5.625000000000930811e+00
-5.600000000000932232e+00
-5.575000000000933653e+00
-5.550000000000935074e+00
-5.525000000000936495e+00
-5.500000000000937916e+00
-5.475000000000939337e+00
-5.450000000000940759e+00
-5.425000000000942180e+00
-5.400000000000943601e+00
-5.375000000000945022e+00
-5.350000000000946443e+00
-5.325000000000947864e+00
-5.300000000000949285e+00
-5.275000000000950706e+00
-5.250000000000952127e+00
-5.225000000000953548e+00
-5.200000000000954969e+00
-5.175000000000956391e+00
-5.150000000000957812e+00
-5.125000000000959233e+00
-5.100000000000960654e+00
-5.075000000000962075e+00
-5.050000000000963496e+00
-5.025000000000964917e+00
-5.000000000000966338e+00
-4.975000000000967759e+00
-4.950000000000969180e+00
-4.925000000000970601e+00
-4.900000000000972022e+00
-4.875000000000973444e+00
-4.850000000000974865e+00
-4.825000000000976286e+00
-4.800000000000977707e+00
-4.775000000000979128e+00
-4.750000000000980549e+00
-4.725000000000981970e+00
-4.700000000000983391e+00
-4.675000000000984812e+00
-4.650000000000986233e+00
-4.625000000000987654e+00
-4.600000000000989075e+00
-4.575000000000990497e+00
-4.550000000000991918e+00
-4.525000000000993339e+00
-4.500000000000994760e+00
-4.475000000000996181e+00
-4.450000000000997602e+00
-4.425000000000999023e+00
-4.400000000001000444e+00
-4.375000000001001865e+00
-4.350000000001003286e+00
-4.325000000001004707e+00
-4.300000000001006129e+00
-4.275000000001007550e+00
-4.250000000001008971e+00
-4.225000000001010392e+00
-4.200000000001011813e+00
-4.175000000001013234e+00
-4.150000000001014655e+00
-4.125000000001016076e+00
-4.100000000001017497e+00
-4.075000000001018918e+00
-4.050000000001020339e+00
-4.025000000001021760e+00
-4.000000000001023182e+00
-3.975000000001024603e+00
-3.950000000001026024e+00
-3.925000000001027445e+00
-3.900000000001028866e+00
-3.875000000001030287e+00
-3.850000000001031708e+00
-3.825000000001033129e+00
-3.800000000001034550e+00
-3.775000000001035971e+00
-3.750000000001037392e+00
-3.725000000001038813e+00
-3.700000000001040235e+00
-3.675000000001041656e+00
-3.650000000001043077e+00
-3.625000000001044498e+00
-3.600000000001045919e+00
-3.575000000001047340e+00
-3.550000000001048761e+00
-3.525000000001050182e+00
-3.500000000001051603e+00
-3.475000000001053024e+00
-3.450000000001054445e+00
-3.425000000001055867e+00
-3.400000000001057288e+00
-3.375000000001058709e+00
-3.350000000001060130e+00
-3.325000000001061551e+00
-3.300000000001062972e+00
-3.275000000001064393e+00
-3.250000000001065814e+00
-3.225000000001067235e+00
-3.200000000001068656e+00
-3.175000000001070077e+00
-3.150000000001071498e+00
-3.125000000001072920e+00
-3.100000000001074341e+00
-3.075000000001075762e+00
-3.050000000001077183e+00
-3.025000000001078604e+00
-3.000000000001080025e+00
-2.975000000001081446e+00
-2.950000000001082867e+00
-2.925000000001084288e+00
-2.900000000001085709e+00
-2.875000000001087130e+00
-2.850000000001088551e+00
-2.825000000001089973e+00
-2.800000000001091394e+00
-2.775000000001092815e+00
-2.750000000001094236e+00
-2.725000000001095657e+00
-2.700000000001097078e+00
-2.675000000001098499e+00
-2.650000000001099920e+00
-2.625000000001101341e+00
-2.600000000001102762e+00
-2.575000000001104183e+00
-2.550000000001105604e+00
-2.525000000001107026e+00
-2.500000000001108447e+00
-2.475000000001109868e+00
-2.450000000001111289e+00
-2.425000000001112710e+00
-2.400000000001114131e+00
-2.375000000001115552e+00
-2.350000000001116973e+00
-2.325000000001118394e+00
-2.300000000001119815e+00
-2.275000000001121236e+00
-2.250000000001122658e+00
-2.225000000001124079e+00
-2.200000000001125500e+00
-2.175000000001126921e+00
-2.150000000001128342e+00
-2.125000000001129763e+00
-2.100000000001131184e+00
-2.075000000001132605e+00
-2.050000000001134026e+00
-2.025000000001135447e+00
-2.000000000001136868e+00
-1.975000000001138289e+00
-1.950000000001139711e+00
-1.925000000001141132e+00
-1.900000000001142553e+00
-1.875000000001143974e+00
-1.850000000001145395e+00
-1.825000000001146816e+00
-1.800000000001148237e+00
-1.775000000001149658e+00
-1.750000000001151079e+00
-1.725000000001152500e+00
-1.700000000001153921e+00
-1.675000000001155342e+00
-1.650000000001156764e+00
-1.625000000001158185e+00
-1.600000000001159606e+00
-1.575000000001161027e+00
-1.550000000001162448e+00
-1.525000000001163869e+00
-1.500000000001165290e+00
-1.475000000001166711e+00
-1.450000000001168132e+00
-1.425000000001169553e+00
-1.400000000001170974e+00
-1.375000000001172396e+00
-1.350000000001173817e+00
-1.325000000001175238e+00
-1.300000000001176659e+00
-1.275000000001178080e+00
-1.250000000001179501e+00
-1.225000000001180922e+00
-1.200000000001182343e+00
-1.175000000001183764e+00
-1.150000000001185185e+00
-1.125000000001186606e+00
-1.100000000001188027e+00
-1.075000000001189449e+00
-1.050000000001190870e+00
-1.025000000001192291e+00
-1.000000000001193712e+00
-9.750000000011951329e-01
-9.500000000011965540e-01
-9.250000000011979751e-01
-9.000000000011993961e-01
-8.750000000012008172e-01
-8.500000000012022383e-01
-8.250000000012036594e-01
-8.000000000012050805e-01
-7.750000000012065016e-01
-7.500000000012079227e-01
-7.250000000012093437e-01
-7.000000000012107648e-01
-6.750000000012121859e-01
-6.500000000012136070e-01
-6.250000000012150281e-01
-6.000000000012164492e-01
-5.750000000012178702e-01
-5.500000000012192913e-01
-5.250000000012207124e-01
-5.000000000012221335e-01
-4.750000000012235546e-01
-4.500000000012249757e-01
-4.250000000012263968e-01
-4.000000000012278178e-01
-3.750000000012292389e-01
-3.500000000012306600e-01
-3.250000000012320811e-01
-3.000000000012335022e-01
-2.750000000012349233e-01
-2.500000000012363444e-01
-2.250000000012377654e-01
-2.000000000012391865e-01
-1.750000000012406076e-01
-1.500000000012420287e-01
-1.250000000012434498e-01
-1.000000000012448709e-01
-7.500000000124629196e-02
-5.000000000124771304e-02
-2.500000000124913413e-02
-1.250555214937776327e-12
2.499999999874802370e-02
4.999999999874660261e-02
7.499999999874518153e-02
9.999999999874376044e-02
1.249999999987423394e-01
1.499999999987409183e-01
1.749999999987394972e-01
1.999999999987380761e-01
2.249999999987366550e-01
2.499999999987352339e-01
2.749999999987338128e-01
2.999999999987323918e-01
3.249999999987309707e-01
3.499999999987295496e-01
3.749999999987281285e-01
3.999999999987267074e-01
4.249999999987252863e-01
4.499999999987238652e-01
4.749999999987224442e-01
4.999999999987210231e-01
5.249999999987196020e-01
5.499999999987181809e-01
5.749999999987167598e-01
5.999999999987153387e-01
6.249999999987139176e-01
6.499999999987124966e-01
6.749999999987110755e-01
6.999999999987096544e-01
7.249999999987082333e-01
7.499999999987068122e-01
7.749999999987053911e-01
7.999999999987039700e-01
8.249999999987025490e-01
8.499999999987011279e-01
8.749999999986997068e-01
8.999999999986982857e-01
9.249999999986968646e-01
9.499999999986954435e-01
9.749999999986940225e-01
9.999999999986926014e-01
1.024999999998691180e+00
1.049999999998689759e+00
1.074999999998688338e+00
1.099999999998686917e+00
1.124999999998685496e+00
1.149999999998684075e+00
1.174999999998682654e+00
1.199999999998681233e+00
1.224999999998679812e+00
1.249999999998678391e+00
1.274999999998676969e+00
1.299999999998675548e+00
1.324999999998674127e+00
1.349999999998672706e+00
1.374999999998671285e+00
1.399999999998669864e+00
1.424999999998668443e+00
1.449999999998667022e+00
1.474999999998665601e+00
1.499999999998664180e+00
1.524999999998662759e+00
1.549999999998661337e+00
1.574999999998659916e+00
1.599999999998658495e+00
1.624999999998657074e+00
1.649999999998655653e+00
1.674999999998654232e+00
1.699999999998652811e+00
1.724999999998651390e+00
1.749999999998649969e+00
1.774999999998648548e+00
1.799999999998647127e+00
1.824999999998645706e+00
1.849999999998644284e+00
1.874999999998642863e+00
1.899999999998641442e+00
1.924999999998640021e+00
1.949999999998638600e+00
1.974999999998637179e+00
1.999999999998635758e+00
2.024999999998634337e+00
2.049999999998632916e+00
2.074999999998631495e+00
2.099999999998630074e+00
2.124999999998628653e+00
2.149999999998627231e+00
2.174999999998625810e+00
2.199999999998624389e+00
2.224999999998622968e+00
2.249999999998621547e+00
2.274999999998620126e+00
2.299999999998618705e+00
2.324999999998617284e+00
2.349999999998615863e+00
2.374999999998614442e+00
2.399999999998613021e+00
2.424999999998611599e+00
2.449999999998610178e+00
2.474999999998608757e+00
2.499999999998607336e+00
2.524999999998605915e+00
2.549999999998604494e+00
2.574999999998603073e+00
2.599999999998601652e+00
2.624999999998600231e+00
2.649999999998598810e+00
2.674999999998597389e+00
2.699999999998595968e+00
2.724999999998594546e+00
2.749999999998593125e+00
2.774999999998591704e+00
2.799999999998590283e+00
2.824999999998588862e+00
2.849999999998587441e+00
2.874999999998586020e+00
2.899999999998584599e+00
2.924999999998583178e+00
2.949999999998581757e+00
2.974999999998580336e+00
2.999999999998578915e+00
3.024999999998577493e+00
3.049999999998576072e+00
3.074999999998574651e+00
3.099999999998573230e+00
3.124999999998571809e+00
3.149999999998570388e+00
3.174999999998568967e+00
3.199999999998567546e+00
3.224999999998566125e+00
3.249999999998564704e+00
3.274999999998563283e+00
3.299999999998561862e+00
3.324999999998560440e+00
3.349999999998559019e+00
3.374999999998557598e+00
3.399999999998556177e+00
3.424999999998554756e+00
3.449999999998553335e+00
3.474999999998551914e+00
3.499999999998550493e+00
3.524999999998549072e+00
3.549999999998547651e+00
3.574999999998546230e+00
3.599999999998544808e+00
3.624999999998543387e+00
3.649999999998541966e+00
3.674999999998540545e+00
3.699999999998539124e+00
3.724999999998537703e+00
3.749999999998536282e+00
3.774999999998534861e+00
3.799999999998533440e+00
3.824999999998532019e+00
3.849999999998530598e+00
3.874999999998529177e+00
3.899999999998527755e+00
3.924999999998526334e+00
3.949999999998524913e+00
3.974999999998523492e+00
3.999999999998522071e+00
4.024999999998520650e+00
4.049999999998519229e+00
4.074999999998517808e+00
4.099999999998516387e+00
4.124999999998514966e+00
4.149999999998513545e+00
4.174999999998512124e+00
4.199999999998510702e+00
4.224999999998509281e+00
4.249999999998507860e+00
4.274999999998506439e+00
4.299999999998505018e+00
4.324999999998503597e+00
4.349999999998502176e+00
4.374999999998500755e+00
4.399999999998499334e+00
4.424999999998497913e+00
4.449999999998496492e+00
4.474999999998495070e+00
4.499999999998493649e+00
4.524999999998492228e+00
4.549999999998490807e+00
4.574999999998489386e+00
4.599999999998487965e+00
4.624999999998486544e+00
4.649999999998485123e+00
4.674999999998483702e+00
4.699999999998482281e+00
4.724999999998480860e+00
4.749999999998479439e+00
4.774999999998478017e+00
4.799999999998476596e+00
4.824999999998475175e+00
4.849999999998473754e+00
4.874999999998472333e+00
4.899999999998470912e+00
4.924999999998469491e+00
4.949999999998468070e+00
4.974999999998466649e+00
4.999999999998465228e+00
5.024999999998463807e+00
5.049999999998462386e+00
5.074999999998460964e+00
5.099999999998459543e+00
5.124999999998458122e+00
5.149999999998456701e+00
5.174999999998455280e+00
5.199999999998453859e+00
5.224999999998452438e+00
5.249999999998451017e+00
5.274999999998449596e+00
5.299999999998448175e+00
5.324999999998446754e+00
5.349999999998445332e+00
5.374999999998443911e+00
5.399999999998442490e+00
5.424999999998441069e+00
5.449999999998439648e+00
5.474999999998438227e+00
5.499999999998436806e+00
5.524999999998435385e+00
5.549999999998433964e+00
5.574999999998432543e+00
5.599999999998431122e+00
5.624999999998429701e+00
5.649999999998428279e+00
5.674999999998426858e+00
5.699999999998425437e+00
5.724999999998424016e+00
5.749999999998422595e+00
5.774999999998421174e+00
5.799999999998419753e+00
5.824999999998418332e+00
5.849999999998416911e+00
5.874999999998415490e+00
5.899999999998414069e+00
5.924999999998412648e+00
5.949999999998411226e+00
5.974999999998409805e+00
5.999999999998408384e+00
6.024999999998406963e+00
6.049999999998405542e+00
6.074999999998404121e+00
6.099999999998402700e+00
6.124999999998401279e+00
6.149999999998399858e+00
6.174999999998398437e+00
6.199999999998397016e+00
6.224999999998395595e+00
6.249999999998394173e+00
6.274999999998392752e+00
6.299999999998391331e+00
6.324999999998389910e+00
6.349999999998388489e+00
6.374999999998387068e+00
6.399999999998385647e+00
6.424999999998384226e+00
6.449999999998382805e+00
6.474999999998381384e+00
6.499999999998379963e+00
6.524999999998378541e+00
6.549999999998377120e+00
6.574999999998375699e+00
6.599999999998374278e+00
6.624999999998372857e+00
6.649999999998371436e+00
6.674999999998370015e+00
6.699999999998368594e+00
6.724999999998367173e+00
6.749999999998365752e+00
6.774999999998364331e+00
6.799999999998362910e+00
6.824999999998361488e+00
6.849999999998360067e+00
6.874999999998358646e+00
6.899999999998357225e+00
6.924999999998355804e+00
6.949999999998354383e+00
6.974999999998352962e+00
6.999999999998351541e+00
7.024999999998350120e+00
7.049999999998348699e+00
7.074999999998347278e+00
7.099999999998345857e+00
7.124999999998344435e+00
7.149999999998343014e+00
7.174999999998341593e+00
7.199999999998340172e+00
7.224999999998338751e+00
7.249999999998337330e+00
7.274999999998335909e+00
7.299999999998334488e+00
7.324999999998333067e+00
7.349999999998331646e+00
7.374999999998330225e+00
7.399999999998328803e+00
7.424999999998327382e+00
7.449999999998325961e+00
7.474999999998324540e+00
7.499999999998323119e+00
7.524999999998321698e+00
7.549999999998320277e+00
7.574999999998318856e+00
7.599999999998317435e+00
7.624999999998316014e+00
7.649999999998314593e+00
7.674999999998313172e+00
7.699999999998311750e+00
7.724999999998310329e+00
7.749999999998308908e+00
7.774999999998307487e+00
7.799999999998306066e+00
7.824999999998304645e+00
7.849999999998303224e+00
7.874999999998301803e+00
7.899999999998300382e+00
7.924999999998298961e+00
7.949999999998297540e+00
7.974999999998296119e+00
7.999999999998294697e+00
8.024999999998293276e+00
8.049999999998291855e+00
8.074999999998290434e+00
8.099999999998289013e+00
8.124999999998287592e+00
8.149999999998286171e+00
8.174999999998284750e+00
8.199999999998283329e+00
8.224999999998281908e+00
8.249999999998280487e+00
8.274999999998279065e+00
8.299999999998277644e+00
8.324999999998276223e+00
8.349999999998274802e+00
8.374999999998273381e+00
8.399999999998271960e+00
8.424999999998270539e+00
8.449999999998269118e+00
8.474999999998267697e+00
8.499999999998266276e+00
8.524999999998264855e+00
8.549999999998263434e+00
8.574999999998262012e+00
8.599999999998260591e+00
8.624999999998259170e+00
8.649999999998257749e+00
8.674999999998256328e+00
8.699999999998254907e+00
8.724999999998253486e+00
8.749999999998252065e+00
8.774999999998250644e+00
8.799999999998249223e+00
8.824999999998247802e+00
8.849999999998246381e+00
8.874999999998244959e+00
8.899999999998243538e+00
8.924999999998242117e+00
8.949999999998240696e+00
8.974999999998239275e+00
8.999999999998237854e+00
9.024999999998236433e+00
9.049999999998235012e+00
9.074999999998233591e+00
9.099999999998232170e+00
9.124999999998230749e+00
9.149999999998229328e+00
9.174999999998227906e+00
9.199999999998226485e+00
9.224999999998225064e+00
9.249999999998223643e+00
9.274999999998222222e+00
9.299999999998220801e+00
9.324999999998219380e+00
9.349999999998217959e+00
9.374999999998216538e+00
9.399999999998215117e+00
9.424999999998213696e+00
9.449999999998212274e+00
9.474999999998210853e+00
9.499999999998209432e+00
9.524999999998208011e+00
9.549999999998206590e+00
9.574999999998205169e+00
9.599999999998203748e+00
9.624999999998202327e+00
9.649999999998200906e+00
9.674999999998199485e+00
9.699999999998198064e+00
9.724999999998196643e+00
9.749999999998195221e+00
9.774999999998193800e+00
9.799999999998192379e+00
9.824999999998190958e+00
9.849999999998189537e+00
9.874999999998188116e+00
9.899999999998186695e+00
9.924999999998185274e+00
9.949999999998183853e+00
9.974999999998182432e+00
