-1.500000000000000000e+01
-1.497499999999999964e+01
-1.494999999999999929e+01
-1.492499999999999893e+01
-1.489999999999999858e+01
-1.487499999999999822e+01
-1.484999999999999787e+01
-1.482499999999999751e+01
-1.479999999999999716e+01
-1.477499999999999680e+01
-1.474999999999999645e+01
-1.472499999999999609e+01
-1.469999999999999574e+01
-1.467499999999999538e+01
-1.464999999999999503e+01
-1.462499999999999467e+01
-1.459999999999999432e+01
-1.457499999999999396e+01
-1.454999999999999361e+01
-1.452499999999999325e+01
-1.449999999999999289e+01
-1.447499999999999254e+01
-1.444999999999999218e+01
-1.442499999999999183e+01
-1.439999999999999147e+01
-1.437499999999999112e+01
-1.434999999999999076e+01
-1.432499999999999041e+01
-1.429999999999999005e+01
-1.427499999999998970e+01
-1.424999999999998934e+01
-1.422499999999998899e+01
-1.419999999999998863e+01
-1.417499999999998828e+01
-1.414999999999998792e+01
-1.412499999999998757e+01
-1.409999999999998721e+01
-1.407499999999998685e+01
-1.404999999999998650e+01
-1.402499999999998614e+01
-1.399999999999998579e+01
-1.397499999999998543e+01
-1.394999999999998508e+01
-1.392499999999998472e+01
-1.389999999999998437e+01
-1.387499999999998401e+01
-1.384999999999998366e+01
-1.382499999999998330e+01
-1.379999999999998295e+01
-1.377499999999998259e+01
-1.374999999999998224e+01
-1.372499999999998188e+01
-1.369999999999998153e+01
-1.367499999999998117e+01
-1.364999999999998082e+01
-1.362499999999998046e+01
-1.359999999999998010e+01
-1.357499999999997975e+01
-1.354999999999997939e+01
-1.352499999999997904e+01
-1.349999999999997868e+01
-1.347499999999997833e+01
-1.344999999999997797e+01
-1.342499999999997762e+01
-1.339999999999997726e+01
-1.337499999999997691e+01
-1.334999999999997655e+01
-1.332499999999997620e+01
-1.329999999999997584e+01
-1.327499999999997549e+01
-1.324999999999997513e+01
-1.322499999999997478e+01
-1.319999999999997442e+01
-1.317499999999997407e+01
-1.314999999999997371e+01
-1.312499999999997335e+01
-1.309999999999997300e+01
-1.307499999999997264e+01
-1.304999999999997229e+01
-1.302499999999997193e+01
-1.299999999999997158e+01
-1.297499999999997122e+01
-1.294999999999997087e+01
-1.292499999999997051e+01
-1.289999999999997016e+01
-1.287499999999996980e+01
-1.284999999999996945e+01
-1.282499999999996909e+01
-1.279999999999996874e+01
-1.277499999999996838e+01
-1.274999999999996803e+01
-1.272499999999996767e+01
-1.269999999999996732e+01
-1.267499999999996696e+01
-1.264999999999996660e+01
-1.262499999999996625e+01
-1.259999999999996589e+01
-1.257499999999996554e+01
-1.254999999999996518e+01
-1.252499999999996483e+01
-1.249999999999996447e+01
-1.247499999999996412e+01
-1.244999999999996376e+01
-1.242499999999996341e+01
-1.239999999999996305e+01
-1.237499999999996270e+01
-1.234999999999996234e+01
-1.232499999999996199e+01
-1.229999999999996163e+01
-1.227499999999996128e+01
-1.224999999999996092e+01
-1.222499999999996056e+01
-1.219999999999996021e+01
-1.217499999999995985e+01
-1.214999999999995950e+01
-1.212499999999995914e+01
-1.209999999999995879e+01
-1.207499999999995843e+01
-1.204999999999995808e+01
-1.202499999999995772e+01
-1.199999999999995737e+01
-1.197499999999995701e+01
-1.194999999999995666e+01
-1.192499999999995630e+01
-1.189999999999995595e+01
-1.187499999999995559e+01
-1.184999999999995524e+01
-1.182499999999995488e+01
-1.179999999999995453e+01
-1.177499999999995417e+01
-1.174999999999995381e+01
-1.172499999999995346e+01
-1.169999999999995310e+01
-1.167499999999995275e+01
-1.164999999999995239e+01
-1.162499999999995204e+01
-1.159999999999995168e+01
-1.157499999999995133e+01
-1.154999999999995097e+01
-1.152499999999995062e+01
-1.149999999999995026e+01
-1.147499999999994991e+01
-1.144999999999994955e+01
-1.142499999999994920e+01
-1.139999999999994884e+01
-1.137499999999994849e+01
-1.134999999999994813e+01
-1.132499999999994778e+01
-1.129999999999994742e+01
-1.127499999999994706e+01
-1.124999999999994671e+01
-1.122499999999994635e+01
-1.119999999999994600e+01
-1.117499999999994564e+01
-1.114999999999994529e+01
-1.112499999999994493e+01
-1.109999999999994458e+01
-1.107499999999994422e+01
-1.104999999999994387e+01
-1.102499999999994351e+01
-1.099999999999994316e+01
-1.097499999999994280e+01
-1.094999999999994245e+01
-1.092499999999994209e+01
-1.089999999999994174e+01
-1.087499999999994138e+01
-1.084999999999994102e+01
-1.082499999999994067e+01
-1.079999999999994031e+01
-1.077499999999993996e+01
-1.074999999999993960e+01
-1.072499999999993925e+01
-1.069999999999993889e+01
-1.067499999999993854e+01
-1.064999999999993818e+01
-1.062499999999993783e+01
-1.059999999999993747e+01
-1.057499999999993712e+01
-1.054999999999993676e+01
-1.052499999999993641e+01
-1.049999999999993605e+01
-1.047499999999993570e+01
-1.044999999999993534e+01
-1.042499999999993499e+01
-1.039999999999993463e+01
-1.037499999999993427e+01
-1.034999999999993392e+01
-1.032499999999993356e+01
-1.029999999999993321e+01
-1.027499999999993285e+01
-1.024999999999993250e+01
-1.022499999999993214e+01
-1.019999999999993179e+01
-1.017499999999993143e+01
-1.014999999999993108e+01
-1.012499999999993072e+01
-1.009999999999993037e+01
-1.007499999999993001e+01
-1.004999999999992966e+01
-1.002499999999992930e+01
-9.999999999999928946e+00
-9.974999999999928590e+00
-9.949999999999928235e+00
-9.924999999999927880e+00
-9.899999999999927525e+00
-9.874999999999927169e+00
-9.849999999999926814e+00
-9.824999999999926459e+00
-9.799999999999926104e+00
-9.774999999999925748e+00
-9.749999999999925393e+00
-9.724999999999925038e+00
-9.699999999999924682e+00
-9.674999999999924327e+00
-9.649999999999923972e+00
-9.624999999999923617e+00
-9.599999999999923261e+00
-9.574999999999922906e+00
-9.549999999999922551e+00
-9.524999999999922196e+00
-9.499999999999921840e+00
-9.474999999999921485e+00
-9.449999999999921130e+00
-9.424999999999920774e+00
-9.399999999999920419e+00
-9.374999999999920064e+00
-9.349999999999919709e+00
-9.324999999999919353e+00
-9.299999999999918998e+00
-9.274999999999918643e+00
-9.249999999999918288e+00
-9.224999999999917932e+00
-9.199999999999917577e+00
-9.174999999999917222e+00
-9.149999999999916866e+00
-9.124999999999916511e+00
-9.099999999999916156e+00
-9.074999999999915801e+00
-9.049999999999915445e+00
-9.024999999999915090e+00
-8.999999999999914735e+00
-8.974999999999914380e+00
-8.949999999999914024e+00
-8.924999999999913669e+00
-8.899999999999913314e+00
-8.874999999999912959e+00
-8.849999999999912603e+00
-8.824999999999912248e+00
-8.799999999999911893e+00
-8.774999999999911537e+00
-8.749999999999911182e+00
-8.724999999999910827e+00
-8.699999999999910472e+00
-8.674999999999910116e+00
-8.649999999999909761e+00
-8.624999999999909406e+00
-8.599999999999909051e+00
-8.574999999999908695e+00
-8.549999999999908340e+00
-8.524999999999907985e+00
-8.499999999999907629e+00
-8.474999999999907274e+00
-8.449999999999906919e+00
-8.424999999999906564e+00
-8.399999999999906208e+00
-8.374999999999905853e+00
-8.349999999999905498e+00
-8.324999999999905143e+00
-8.299999999999904787e+00
-8.274999999999904432e+00
-8.249999999999904077e+00
-8.224999999999903721e+00
-8.199999999999903366e+00
-8.174999999999903011e+00
-8.149999999999902656e+00
-8.124999999999902300e+00
-8.099999999999901945e+00
-8.074999999999901590e+00
-8.049999999999901235e+00
-8.024999999999900879e+00
-7.999999999999900524e+00
-7.974999999999900169e+00
-7.949999999999899813e+00
-7.924999999999899458e+00
-7.899999999999899103e+00
-7.874999999999898748e+00
-7.849999999999898392e+00
-7.824999999999898037e+00
-7.799999999999897682e+00
-7.774999999999897327e+00
-7.749999999999896971e+00
-7.724999999999896616e+00
-7.699999999999896261e+00
-7.674999999999895905e+00
-7.649999999999895550e+00
-7.624999999999895195e+00
-7.599999999999894840e+00
-7.574999999999894484e+00
-7.549999999999894129e+00
-7.524999999999893774e+00
-7.499999999999893419e+00
-7.474999999999893063e+00
-7.449999999999892708e+00
-7.424999999999892353e+00
-7.399999999999891998e+00
-7.374999999999891642e+00
-7.349999999999891287e+00
-7.324999999999890932e+00
-7.299999999999890576e+00
-7.274999999999890221e+00
-7.249999999999889866e+00
-7.224999999999889511e+00
-7.199999999999889155e+00
-7.174999999999888800e+00
-7.149999999999888445e+00
-7.124999999999888090e+00
-7.099999999999887734e+00
-7.074999999999887379e+00
-7.049999999999887024e+00
-7.024999999999886668e+00
-6.999999999999886313e+00
-6.974999999999885958e+00
-6.949999999999885603e+00
-6.924999999999885247e+00
-6.899999999999884892e+00
-6.874999999999884537e+00
-6.849999999999884182e+00
-6.824999999999883826e+00
-6.799999999999883471e+00
-6.774999999999883116e+00
-6.749999999999882760e+00
-6.724999999999882405e+00
-6.699999999999882050e+00
-6.674999999999881695e+00
-6.649999999999881339e+00
-6.624999999999880984e+00
-6.599999999999880629e+00
-6.574999999999880274e+00
-6.549999999999879918e+00
-6.524999999999879563e+00
-6.499999999999879208e+00
-6.474999999999878852e+00
-6.449999999999878497e+00
-6.424999999999878142e+00
-6.399999999999877787e+00
-6.374999999999877431e+00
-6.349999999999877076e+00
-6.324999999999876721e+00
-6.299999999999876366e+00
-6.274999999999876010e+00
-6.249999999999875655e+00
-6.224999999999875300e+00
-6.199999999999874944e+00
-6.174999999999874589e+00
-6.149999999999874234e+00
-6.124999999999873879e+00
-6.099999999999873523e+00
-6.074999999999873168e+00
-6.049999999999872813e+00
-6.024999999999872458e+00
-5.999999999999872102e+00
-5.974999999999871747e+00
-5.949999999999871392e+00
-5.924999999999871036e+00
-5.899999999999870681e+00
-5.874999999999870326e+00
-5.849999999999869971e+00
-5.824999999999869615e+00
-5.799999999999869260e+00
-5.774999999999868905e+00
-5.749999999999868550e+00
-5.724999999999868194e+00
-5.699999999999867839e+00
-5.674999999999867484e+00
-5.649999999999867129e+00
-5.624999999999866773e+00
-5.599999999999866418e+00
-5.574999999999866063e+00
-5.549999999999865707e+00
-5.524999999999865352e+00
-5.499999999999864997e+00
-5.474999999999864642e+00
-5.449999999999864286e+00
-5.424999999999863931e+00
-5.399999999999863576e+00
-5.374999999999863221e+00
-5.349999999999862865e+00
-5.324999999999862510e+00
-5.299999999999862155e+00
-5.274999999999861799e+00
-5.249999999999861444e+00
-5.224999999999861089e+00
-5.199999999999860734e+00
-5.174999999999860378e+00
-5.149999999999860023e+00
-5.124999999999859668e+00
-5.099999999999859313e+00
-5.074999999999858957e+00
-5.049999999999858602e+00
-5.024999999999858247e+00
-4.999999999999857891e+00
-4.974999999999857536e+00
-4.949999999999857181e+00
-4.924999999999856826e+00
-4.899999999999856470e+00
-4.874999999999856115e+00
-4.849999999999855760e+00
-4.824999999999855405e+00
-4.799999999999855049e+00
-4.774999999999854694e+00
-4.749999999999854339e+00
-4.724999999999853983e+00
-4.699999999999853628e+00
-4.674999999999853273e+00
-4.649999999999852918e+00
-4.624999999999852562e+00
-4.599999999999852207e+00
-4.574999999999851852e+00
-4.549999999999851497e+00
-4.524999999999851141e+00
-4.499999999999850786e+00
-4.474999999999850431e+00
-4.449999999999850075e+00
-4.424999999999849720e+00
-4.399999999999849365e+00
-4.374999999999849010e+00
-4.349999999999848654e+00
-4.324999999999848299e+00
-4.299999999999847944e+00
-4.274999999999847589e+00
-4.249999999999847233e+00
-4.224999999999846878e+00
-4.199999999999846523e+00
-4.174999999999846167e+00
-4.149999999999845812e+00
-4.124999999999845457e+00
-4.099999999999845102e+00
-4.074999999999844746e+00
-4.049999999999844391e+00
-4.024999999999844036e+00
-3.999999999999843681e+00
-3.974999999999843325e+00
-3.949999999999842970e+00
-3.924999999999842615e+00
-3.899999999999842260e+00
-3.874999999999841904e+00
-3.849999999999841549e+00
-3.824999999999841194e+00
-3.799999999999840838e+00
-3.774999999999840483e+00
-3.749999999999840128e+00
-3.724999999999839773e+00
-3.699999999999839417e+00
-3.674999999999839062e+00
-3.649999999999838707e+00
-3.624999999999838352e+00
-3.599999999999837996e+00
-3.574999999999837641e+00
-3.549999999999837286e+00
-3.524999999999836930e+00
-3.499999999999836575e+00
-3.474999999999836220e+00
-3.449999999999835865e+00
-3.424999999999835509e+00
-3.399999999999835154e+00
-3.374999999999834799e+00
-3.349999999999834444e+00
-3.324999999999834088e+00
-3.299999999999833733e+00
-3.274999999999833378e+00
-3.249999999999833022e+00
-3.224999999999832667e+00
-3.199999999999832312e+00
-3.174999999999831957e+00
-3.149999999999831601e+00
-3.124999999999831246e+00
-3.099999999999830891e+00
-3.074999999999830536e+00
-3.049999999999830180e+00
-3.024999999999829825e+00
-2.999999999999829470e+00
-2.974999999999829114e+00
-2.949999999999828759e+00
-2.924999999999828404e+00
-2.899999999999828049e+00
-2.874999999999827693e+00
-2.849999999999827338e+00
-2.824999999999826983e+00
-2.799999999999826628e+00
-2.774999999999826272e+00
-2.749999999999825917e+00
-2.724999999999825562e+00
-2.699999999999825206e+00
-2.674999999999824851e+00
-2.649999999999824496e+00
-2.624999999999824141e+00
-2.599999999999823785e+00
-2.574999999999823430e+00
-2.549999999999823075e+00
-2.524999999999822720e+00
-2.499999999999822364e+00
-2.474999999999822009e+00
-2.449999999999821654e+00
-2.424999999999821299e+00
-2.399999999999820943e+00
-2.374999999999820588e+00
-2.349999999999820233e+00
-2.324999999999819877e+00
-2.299999999999819522e+00
-2.274999999999819167e+00
-2.249999999999818812e+00
-2.224999999999818456e+00
-2.199999999999818101e+00
-2.174999999999817746e+00
-2.149999999999817391e+00
-2.124999999999817035e+00
-2.099999999999816680e+00
-2.074999999999816325e+00
-2.049999999999815969e+00
-2.024999999999815614e+00
-1.999999999999815259e+00
-1.974999999999814904e+00
-1.949999999999814548e+00
-1.924999999999814193e+00
-1.899999999999813838e+00
-1.874999999999813483e+00
-1.849999999999813127e+00
-1.824999999999812772e+00
-1.799999999999812417e+00
-1.774999999999812061e+00
-1.749999999999811706e+00
-1.724999999999811351e+00
-1.699999999999810996e+00
-1.674999999999810640e+00
-1.649999999999810285e+00
-1.624999999999809930e+00
-1.599999999999809575e+00
-1.574999999999809219e+00
-1.549999999999808864e+00
-1.524999999999808509e+00
-1.499999999999808153e+00
-1.474999999999807798e+00
-1.449999999999807443e+00
-1.424999999999807088e+00
-1.399999999999806732e+00
-1.374999999999806377e+00
-1.349999999999806022e+00
-1.324999999999805667e+00
-1.299999999999805311e+00
-1.274999999999804956e+00
-1.249999999999804601e+00
-1.224999999999804245e+00
-1.199999999999803890e+00
-1.174999999999803535e+00
-1.149999999999803180e+00
-1.124999999999802824e+00
-1.099999999999802469e+00
-1.074999999999802114e+00
-1.049999999999801759e+00
-1.024999999999801403e+00
-9.999999999998010480e-01
-9.749999999998006928e-01
-9.499999999998003375e-01
-9.249999999997999822e-01
-8.999999999997996269e-01
-8.749999999997992717e-01
-8.499999999997989164e-01
-8.249999999997985611e-01
-7.999999999997982059e-01
-7.749999999997978506e-01
-7.499999999997974953e-01
-7.249999999997971400e-01
-6.999999999997967848e-01
-6.749999999997964295e-01
-6.499999999997960742e-01
-6.249999999997957190e-01
-5.999999999997953637e-01
-5.749999999997950084e-01
-5.499999999997946531e-01
-5.249999999997942979e-01
-4.999999999997939426e-01
-4.749999999997935873e-01
-4.499999999997932321e-01
-4.249999999997928768e-01
-3.999999999997925215e-01
-3.749999999997921662e-01
-3.499999999997918110e-01
-3.249999999997914557e-01
-2.999999999997911004e-01
-2.749999999997907452e-01
-2.499999999997903899e-01
-2.249999999997900346e-01
-1.999999999997896794e-01
-1.749999999997893241e-01
-1.499999999997889688e-01
-1.249999999997886135e-01
-9.999999999978825826e-02
-7.499999999978790299e-02
-4.999999999978754772e-02
-2.499999999978719245e-02
2.131628207280300558e-13
2.500000000021351809e-02
5.000000000021387336e-02
7.500000000021422863e-02
1.000000000002145839e-01
1.250000000002149392e-01
1.500000000002152944e-01
1.750000000002156497e-01
2.000000000002160050e-01
2.250000000002163603e-01
2.500000000002167155e-01
2.750000000002170708e-01
3.000000000002174261e-01
3.250000000002177813e-01
3.500000000002181366e-01
3.750000000002184919e-01
4.000000000002188472e-01
4.250000000002192024e-01
4.500000000002195577e-01
4.750000000002199130e-01
5.000000000002202682e-01
5.250000000002206235e-01
5.500000000002209788e-01
5.750000000002213341e-01
6.000000000002216893e-01
6.250000000002220446e-01
6.500000000002223999e-01
6.750000000002227551e-01
7.000000000002231104e-01
7.250000000002234657e-01
7.500000000002238210e-01
7.750000000002241762e-01
8.000000000002245315e-01
8.250000000002248868e-01
8.500000000002252420e-01
8.750000000002255973e-01
9.000000000002259526e-01
9.250000000002263079e-01
9.500000000002266631e-01
9.750000000002270184e-01
1.000000000000227374e+00
1.025000000000225953e+00
1.050000000000228084e+00
1.075000000000230216e+00
1.100000000000228795e+00
1.125000000000227374e+00
1.150000000000229505e+00
1.175000000000231637e+00
1.200000000000230216e+00
1.225000000000228795e+00
1.250000000000230926e+00
1.275000000000233058e+00
1.300000000000231637e+00
1.325000000000230216e+00
1.350000000000232347e+00
1.375000000000234479e+00
1.400000000000233058e+00
1.425000000000231637e+00
1.450000000000233769e+00
1.475000000000235900e+00
1.500000000000234479e+00
1.525000000000233058e+00
1.550000000000235190e+00
1.575000000000237321e+00
1.600000000000235900e+00
1.625000000000234479e+00
1.650000000000236611e+00
1.675000000000238742e+00
1.700000000000237321e+00
1.725000000000235900e+00
1.750000000000238032e+00
1.775000000000240163e+00
1.800000000000238742e+00
1.825000000000237321e+00
1.850000000000239453e+00
1.875000000000241585e+00
1.900000000000240163e+00
1.925000000000238742e+00
1.950000000000240874e+00
1.975000000000243006e+00
2.000000000000241585e+00
2.025000000000240163e+00
2.050000000000242295e+00
2.075000000000244427e+00
2.100000000000243006e+00
2.125000000000241585e+00
2.150000000000243716e+00
2.175000000000245848e+00
2.200000000000244427e+00
2.225000000000243006e+00
2.250000000000245137e+00
2.275000000000247269e+00
2.300000000000245848e+00
2.325000000000244427e+00
2.350000000000246558e+00
2.375000000000248690e+00
2.400000000000247269e+00
2.425000000000245848e+00
2.450000000000247979e+00
2.475000000000250111e+00
2.500000000000248690e+00
2.525000000000247269e+00
2.550000000000249401e+00
2.575000000000251532e+00
2.600000000000250111e+00
2.625000000000248690e+00
2.650000000000250822e+00
2.675000000000252953e+00
2.700000000000251532e+00
2.725000000000250111e+00
2.750000000000252243e+00
2.775000000000254374e+00
2.800000000000252953e+00
2.825000000000251532e+00
2.850000000000253664e+00
2.875000000000255795e+00
2.900000000000254374e+00
2.925000000000252953e+00
2.950000000000255085e+00
2.975000000000257216e+00
3.000000000000255795e+00
3.025000000000254374e+00
3.050000000000256506e+00
3.075000000000258638e+00
3.100000000000257216e+00
3.125000000000255795e+00
3.150000000000257927e+00
3.175000000000260059e+00
3.200000000000258638e+00
3.225000000000257216e+00
3.250000000000259348e+00
3.275000000000261480e+00
3.300000000000260059e+00
3.325000000000258638e+00
3.350000000000260769e+00
3.375000000000262901e+00
3.400000000000261480e+00
3.425000000000260059e+00
3.450000000000262190e+00
3.475000000000264322e+00
3.500000000000262901e+00
3.525000000000261480e+00
3.550000000000263611e+00
3.575000000000265743e+00
3.600000000000264322e+00
3.625000000000262901e+00
3.650000000000265032e+00
3.675000000000267164e+00
3.700000000000265743e+00
3.725000000000264322e+00
3.750000000000266454e+00
3.775000000000268585e+00
3.800000000000267164e+00
3.825000000000265743e+00
3.850000000000267875e+00
3.875000000000270006e+00
3.900000000000268585e+00
3.925000000000267164e+00
3.950000000000269296e+00
3.975000000000271427e+00
4.000000000000270006e+00
4.025000000000268585e+00
4.050000000000270717e+00
4.075000000000272848e+00
4.100000000000271427e+00
4.125000000000270006e+00
4.150000000000272138e+00
4.175000000000274269e+00
4.200000000000272848e+00
4.225000000000271427e+00
4.250000000000273559e+00
4.275000000000275691e+00
4.300000000000274269e+00
4.325000000000272848e+00
4.350000000000274980e+00
4.375000000000277112e+00
4.400000000000275691e+00
4.425000000000274269e+00
4.450000000000276401e+00
4.475000000000278533e+00
4.500000000000277112e+00
4.525000000000275691e+00
4.550000000000277822e+00
4.575000000000279954e+00
4.600000000000278533e+00
4.625000000000277112e+00
4.650000000000279243e+00
4.675000000000281375e+00
4.700000000000279954e+00
4.725000000000278533e+00
4.750000000000280664e+00
4.775000000000282796e+00
4.800000000000281375e+00
4.825000000000279954e+00
4.850000000000282085e+00
4.875000000000284217e+00
4.900000000000282796e+00
4.925000000000281375e+00
4.950000000000283507e+00
4.975000000000285638e+00
5.000000000000284217e+00
5.025000000000282796e+00
5.050000000000284928e+00
5.075000000000287059e+00
5.100000000000285638e+00
5.125000000000284217e+00
5.150000000000286349e+00
5.175000000000288480e+00
5.200000000000287059e+00
5.225000000000285638e+00
5.250000000000287770e+00
5.275000000000289901e+00
5.300000000000288480e+00
5.325000000000287059e+00
5.350000000000289191e+00
5.375000000000291323e+00
5.400000000000289901e+00
5.425000000000288480e+00
5.450000000000290612e+00
5.475000000000292744e+00
5.500000000000291323e+00
5.525000000000289901e+00
5.550000000000292033e+00
5.575000000000294165e+00
5.600000000000292744e+00
5.625000000000291323e+00
5.650000000000293454e+00
5.675000000000295586e+00
5.700000000000294165e+00
5.725000000000292744e+00
5.750000000000294875e+00
5.775000000000297007e+00
5.800000000000295586e+00
5.825000000000294165e+00
5.850000000000296296e+00
5.875000000000298428e+00
5.900000000000297007e+00
5.925000000000295586e+00
5.950000000000297717e+00
5.975000000000299849e+00
6.000000000000298428e+00
6.025000000000297007e+00
6.050000000000299138e+00
6.075000000000301270e+00
6.100000000000299849e+00
6.125000000000298428e+00
6.150000000000300560e+00
6.175000000000302691e+00
6.200000000000301270e+00
6.225000000000299849e+00
6.250000000000301981e+00
6.275000000000304112e+00
6.300000000000302691e+00
6.325000000000301270e+00
6.350000000000303402e+00
6.375000000000305533e+00
6.400000000000304112e+00
6.425000000000302691e+00
6.450000000000304823e+00
6.475000000000306954e+00
6.500000000000305533e+00
6.525000000000304112e+00
6.550000000000306244e+00
6.575000000000308376e+00
6.600000000000306954e+00
6.625000000000305533e+00
6.650000000000307665e+00
6.675000000000309797e+00
6.700000000000308376e+00
6.725000000000306954e+00
6.750000000000309086e+00
6.775000000000311218e+00
6.800000000000309797e+00
6.825000000000308376e+00
6.850000000000310507e+00
6.875000000000312639e+00
6.900000000000311218e+00
6.925000000000309797e+00
6.950000000000311928e+00
6.975000000000314060e+00
7.000000000000312639e+00
7.025000000000311218e+00
7.050000000000313349e+00
7.075000000000315481e+00
7.100000000000314060e+00
7.125000000000312639e+00
7.150000000000314770e+00
7.175000000000316902e+00
7.200000000000315481e+00
7.225000000000314060e+00
7.250000000000316192e+00
7.275000000000318323e+00
7.300000000000316902e+00
7.325000000000315481e+00
7.350000000000317613e+00
7.375000000000319744e+00
7.400000000000318323e+00
7.425000000000316902e+00
7.450000000000319034e+00
7.475000000000321165e+00
7.500000000000319744e+00
7.525000000000318323e+00
7.550000000000320455e+00
7.575000000000322586e+00
7.600000000000321165e+00
7.625000000000319744e+00
7.650000000000321876e+00
7.675000000000324007e+00
7.700000000000322586e+00
7.725000000000321165e+00
7.750000000000323297e+00
7.775000000000325429e+00
7.800000000000324007e+00
7.825000000000322586e+00
7.850000000000324718e+00
7.875000000000326850e+00
7.900000000000325429e+00
7.925000000000324007e+00
7.950000000000326139e+00
7.975000000000328271e+00
8.000000000000326850e+00
8.025000000000325429e+00
8.050000000000327560e+00
8.075000000000329692e+00
8.100000000000328271e+00
8.125000000000326850e+00
8.150000000000328981e+00
8.175000000000331113e+00
8.200000000000329692e+00
8.225000000000328271e+00
8.250000000000330402e+00
8.275000000000332534e+00
8.300000000000331113e+00
8.325000000000329692e+00
8.350000000000331823e+00
8.375000000000333955e+00
8.400000000000332534e+00
8.425000000000331113e+00
8.450000000000333245e+00
8.475000000000335376e+00
8.500000000000333955e+00
8.525000000000332534e+00
8.550000000000334666e+00
8.575000000000336797e+00
8.600000000000335376e+00
8.625000000000333955e+00
8.650000000000336087e+00
8.675000000000338218e+00
8.700000000000336797e+00
8.725000000000335376e+00
8.750000000000337508e+00
8.775000000000339639e+00
8.800000000000338218e+00
8.825000000000336797e+00
8.850000000000338929e+00
8.875000000000341061e+00
8.900000000000339639e+00
8.925000000000338218e+00
8.950000000000340350e+00
8.975000000000342482e+00
9.000000000000341061e+00
9.025000000000339639e+00
9.050000000000341771e+00
9.075000000000343903e+00
9.100000000000342482e+00
9.125000000000341061e+00
9.150000000000343192e+00
9.175000000000345324e+00
9.200000000000343903e+00
9.225000000000342482e+00
9.250000000000344613e+00
9.275000000000346745e+00
9.300000000000345324e+00
9.325000000000343903e+00
9.350000000000346034e+00
9.375000000000348166e+00
9.400000000000346745e+00
9.425000000000345324e+00
9.450000000000347455e+00
9.475000000000349587e+00
9.500000000000348166e+00
9.525000000000346745e+00
9.550000000000348876e+00
9.575000000000351008e+00
9.600000000000349587e+00
9.625000000000348166e+00
9.650000000000350298e+00
9.675000000000352429e+00
9.700000000000351008e+00
9.725000000000349587e+00
9.750000000000351719e+00
9.775000000000353850e+00
9.800000000000352429e+00
9.825000000000351008e+00
9.850000000000353140e+00
9.875000000000355271e+00
9.900000000000353850e+00
9.925000000000352429e+00
9.950000000000354561e+00
9.975000000000356692e+00
1.000000000000035527e+01
1.002500000000035385e+01
1.005000000000035598e+01
1.007500000000035811e+01
1.010000000000035669e+01
1.012500000000035527e+01
1.015000000000035740e+01
1.017500000000035953e+01
1.020000000000035811e+01
1.022500000000035669e+01
1.025000000000035882e+01
1.027500000000036096e+01
1.030000000000035953e+01
1.032500000000035811e+01
1.035000000000036025e+01
1.037500000000036238e+01
1.040000000000036096e+01
1.042500000000035953e+01
1.045000000000036167e+01
1.047500000000036380e+01
1.050000000000036238e+01
1.052500000000036096e+01
1.055000000000036309e+01
1.057500000000036522e+01
1.060000000000036380e+01
1.062500000000036238e+01
1.065000000000036451e+01
1.067500000000036664e+01
1.070000000000036522e+01
1.072500000000036380e+01
1.075000000000036593e+01
1.077500000000036806e+01
1.080000000000036664e+01
1.082500000000036522e+01
1.085000000000036735e+01
1.087500000000036948e+01
1.090000000000036806e+01
1.092500000000036664e+01
1.095000000000036877e+01
1.097500000000037090e+01
1.100000000000036948e+01
1.102500000000036806e+01
1.105000000000037019e+01
1.107500000000037232e+01
1.110000000000037090e+01
1.112500000000036948e+01
1.115000000000037161e+01
1.117500000000037375e+01
1.120000000000037232e+01
1.122500000000037090e+01
1.125000000000037303e+01
1.127500000000037517e+01
1.130000000000037375e+01
1.132500000000037232e+01
1.135000000000037446e+01
1.137500000000037659e+01
1.140000000000037517e+01
1.142500000000037375e+01
1.145000000000037588e+01
1.147500000000037801e+01
1.150000000000037659e+01
1.152500000000037517e+01
1.155000000000037730e+01
1.157500000000037943e+01
1.160000000000037801e+01
1.162500000000037659e+01
1.165000000000037872e+01
1.167500000000038085e+01
1.170000000000037943e+01
1.172500000000037801e+01
1.175000000000038014e+01
1.177500000000038227e+01
1.180000000000038085e+01
1.182500000000037943e+01
1.185000000000038156e+01
1.187500000000038369e+01
1.190000000000038227e+01
1.192500000000038085e+01
1.195000000000038298e+01
1.197500000000038511e+01
1.200000000000038369e+01
1.202500000000038227e+01
1.205000000000038440e+01
1.207500000000038654e+01
1.210000000000038511e+01
1.212500000000038369e+01
1.215000000000038582e+01
1.217500000000038796e+01
1.220000000000038654e+01
1.222500000000038511e+01
1.225000000000038725e+01
1.227500000000038938e+01
1.230000000000038796e+01
1.232500000000038654e+01
1.235000000000038867e+01
1.237500000000039080e+01
1.240000000000038938e+01
1.242500000000038796e+01
1.245000000000039009e+01
1.247500000000039222e+01
1.250000000000039080e+01
1.252500000000038938e+01
1.255000000000039151e+01
1.257500000000039364e+01
1.260000000000039222e+01
1.262500000000039080e+01
1.265000000000039293e+01
1.267500000000039506e+01
1.270000000000039364e+01
1.272500000000039222e+01
1.275000000000039435e+01
1.277500000000039648e+01
1.280000000000039506e+01
1.282500000000039364e+01
1.285000000000039577e+01
1.287500000000039790e+01
1.290000000000039648e+01
1.292500000000039506e+01
1.295000000000039719e+01
1.297500000000039933e+01
1.300000000000039790e+01
1.302500000000039648e+01
1.305000000000039861e+01
1.307500000000040075e+01
1.310000000000039933e+01
1.312500000000039790e+01
1.315000000000040004e+01
1.317500000000040217e+01
1.320000000000040075e+01
1.322500000000039933e+01
1.325000000000040146e+01
1.327500000000040359e+01
1.330000000000040217e+01
1.332500000000040075e+01
1.335000000000040288e+01
1.337500000000040501e+01
1.340000000000040359e+01
1.342500000000040217e+01
1.345000000000040430e+01
1.347500000000040643e+01
1.350000000000040501e+01
1.352500000000040359e+01
1.355000000000040572e+01
1.357500000000040785e+01
1.360000000000040643e+01
1.362500000000040501e+01
1.365000000000040714e+01
1.367500000000040927e+01
1.370000000000040785e+01
1.372500000000040643e+01
1.375000000000040856e+01
1.377500000000041069e+01
1.380000000000040927e+01
1.382500000000040785e+01
1.385000000000040998e+01
1.387500000000041211e+01
1.390000000000041069e+01
1.392500000000040927e+01
1.395000000000041140e+01
1.397500000000041354e+01
1.400000000000041211e+01
1.402500000000041069e+01
1.405000000000041283e+01
1.407500000000041496e+01
1.410000000000041354e+01
1.412500000000041211e+01
1.415000000000041425e+01
1.417500000000041638e+01
1.420000000000041496e+01
1.422500000000041354e+01
1.425000000000041567e+01
1.427500000000041780e+01
1.430000000000041638e+01
1.432500000000041496e+01
1.435000000000041709e+01
1.437500000000041922e+01
1.440000000000041780e+01
1.442500000000041638e+01
1.445000000000041851e+01
1.447500000000042064e+01
1.450000000000041922e+01
1.452500000000041780e+01
1.455000000000041993e+01
1.457500000000042206e+01
1.460000000000042064e+01
1.462500000000041922e+01
1.465000000000042135e+01
1.467500000000042348e+01
1.470000000000042206e+01
1.472500000000042064e+01
1.475000000000042277e+01
1.477500000000042490e+01
1.480000000000042348e+01
1.482500000000042206e+01
1.485000000000042419e+01
1.487500000000042633e+01
1.490000000000042490e+01
1.492500000000042348e+01
1.495000000000042562e+01
1.497500000000042775e+01
1.500000000000042633e+01
1.502500000000042490e+01
1.505000000000042704e+01
1.507500000000042917e+01
1.510000000000042775e+01
1.512500000000042633e+01
1.515000000000042846e+01
1.517500000000043059e+01
1.520000000000042917e+01
1.522500000000042775e+01
1.525000000000042988e+01
1.527500000000043201e+01
1.530000000000043059e+01
1.532500000000042917e+01
1.535000000000043130e+01
1.537500000000043343e+01
1.540000000000043201e+01
1.542500000000043059e+01
1.545000000000043272e+01
1.547500000000043485e+01
1.550000000000043343e+01
1.552500000000043201e+01
1.555000000000043414e+01
1.557500000000043627e+01
1.560000000000043485e+01
1.562500000000043343e+01
1.565000000000043556e+01
1.567500000000043769e+01
1.570000000000043627e+01
1.572500000000043485e+01
1.575000000000043698e+01
1.577500000000043912e+01
1.580000000000043769e+01
1.582500000000043627e+01
1.585000000000043840e+01
1.587500000000044054e+01
1.590000000000043912e+01
1.592500000000043769e+01
1.595000000000043983e+01
1.597500000000044196e+01
1.600000000000044054e+01
1.602500000000043912e+01
1.605000000000044125e+01
1.607500000000044338e+01
1.610000000000044196e+01
1.612500000000044054e+01
1.615000000000044267e+01
1.617500000000044480e+01
1.620000000000044338e+01
1.622500000000044196e+01
1.625000000000044409e+01
1.627500000000044622e+01
1.630000000000044480e+01
1.632500000000044338e+01
1.635000000000044551e+01
1.637500000000044764e+01
1.640000000000044622e+01
1.642500000000044480e+01
1.645000000000044693e+01
1.647500000000044906e+01
1.650000000000044764e+01
1.652500000000044622e+01
1.655000000000044835e+01
1.657500000000045048e+01
1.660000000000044906e+01
1.662500000000044764e+01
1.665000000000044977e+01
1.667500000000045191e+01
1.670000000000045048e+01
1.672500000000044906e+01
1.675000000000045119e+01
1.677500000000045333e+01
1.680000000000045191e+01
1.682500000000045048e+01
1.685000000000045262e+01
1.687500000000045475e+01
1.690000000000045333e+01
1.692500000000045191e+01
1.695000000000045404e+01
1.697500000000045617e+01
1.700000000000045475e+01
1.702500000000045333e+01
1.705000000000045191e+01
1.707500000000045759e+01
1.710000000000045617e+01
1.712500000000045475e+01
1.715000000000046043e+01
1.717500000000045901e+01
1.720000000000045759e+01
1.722500000000045617e+01
1.725000000000045475e+01
1.727500000000046043e+01
1.730000000000045901e+01
1.732500000000045759e+01
1.735000000000046327e+01
1.737500000000046185e+01
1.740000000000046043e+01
1.742500000000045901e+01
1.745000000000045759e+01
1.747500000000046327e+01
1.750000000000046185e+01
1.752500000000046043e+01
1.755000000000046612e+01
1.757500000000046469e+01
1.760000000000046327e+01
1.762500000000046185e+01
1.765000000000046043e+01
1.767500000000046612e+01
1.770000000000046469e+01
1.772500000000046327e+01
1.775000000000046896e+01
1.777500000000046754e+01
1.780000000000046612e+01
1.782500000000046469e+01
1.785000000000046327e+01
1.787500000000046896e+01
1.790000000000046754e+01
1.792500000000046612e+01
1.795000000000047180e+01
1.797500000000047038e+01
1.800000000000046896e+01
1.802500000000046754e+01
1.805000000000046612e+01
1.807500000000047180e+01
1.810000000000047038e+01
1.812500000000046896e+01
1.815000000000047464e+01
1.817500000000047322e+01
1.820000000000047180e+01
1.822500000000047038e+01
1.825000000000046896e+01
1.827500000000047464e+01
1.830000000000047322e+01
1.832500000000047180e+01
1.835000000000047748e+01
1.837500000000047606e+01
1.840000000000047464e+01
1.842500000000047322e+01
1.845000000000047180e+01
1.847500000000047748e+01
1.850000000000047606e+01
1.852500000000047464e+01
1.855000000000048033e+01
1.857500000000047891e+01
1.860000000000047748e+01
1.862500000000047606e+01
1.865000000000047464e+01
1.867500000000048033e+01
1.870000000000047891e+01
1.872500000000047748e+01
1.875000000000048317e+01
1.877500000000048175e+01
1.880000000000048033e+01
1.882500000000047891e+01
1.885000000000047748e+01
1.887500000000048317e+01
1.890000000000048175e+01
1.892500000000048033e+01
1.895000000000048601e+01
1.897500000000048459e+01
1.900000000000048317e+01
1.902500000000048175e+01
1.905000000000048033e+01
1.907500000000048601e+01
1.910000000000048459e+01
1.912500000000048317e+01
1.915000000000048885e+01
1.917500000000048743e+01
1.920000000000048601e+01
1.922500000000048459e+01
1.925000000000048317e+01
1.927500000000048885e+01
1.930000000000048743e+01
1.932500000000048601e+01
1.935000000000049170e+01
1.937500000000049027e+01
1.940000000000048885e+01
1.942500000000048743e+01
1.945000000000048601e+01
1.947500000000049170e+01
1.950000000000049027e+01
1.952500000000048885e+01
1.955000000000049454e+01
1.957500000000049312e+01
1.960000000000049170e+01
1.962500000000049027e+01
1.965000000000048885e+01
1.967500000000049454e+01
1.970000000000049312e+01
1.972500000000049170e+01
1.975000000000049738e+01
1.977500000000049596e+01
1.980000000000049454e+01
1.982500000000049312e+01
1.985000000000049170e+01
1.987500000000049738e+01
1.990000000000049596e+01
1.992500000000049454e+01
1.995000000000050022e+01
1.997500000000049880e+01
2.000000000000049738e+01
2.002500000000049596e+01
2.005000000000049454e+01
2.007500000000050022e+01
2.010000000000049880e+01
2.012500000000049738e+01
2.015000000000050306e+01
2.017500000000050164e+01
2.020000000000050022e+01
2.022500000000049880e+01
2.025000000000049738e+01
2.027500000000050306e+01
2.030000000000050164e+01
2.032500000000050022e+01
2.035000000000050591e+01
2.037500000000050449e+01
2.040000000000050306e+01
2.042500000000050164e+01
2.045000000000050022e+01
2.047500000000050591e+01
2.050000000000050449e+01
2.052500000000050306e+01
2.055000000000050875e+01
2.057500000000050733e+01
2.060000000000050591e+01
2.062500000000050449e+01
2.065000000000050306e+01
2.067500000000050875e+01
2.070000000000050733e+01
2.072500000000050591e+01
2.075000000000051159e+01
2.077500000000051017e+01
2.080000000000050875e+01
2.082500000000050733e+01
2.085000000000050591e+01
2.087500000000051159e+01
2.090000000000051017e+01
2.092500000000050875e+01
2.095000000000051443e+01
2.097500000000051301e+01
2.100000000000051159e+01
2.102500000000051017e+01
2.105000000000050875e+01
2.107500000000051443e+01
2.110000000000051301e+01
2.112500000000051159e+01
2.115000000000051728e+01
2.117500000000051585e+01
2.120000000000051443e+01
2.122500000000051301e+01
2.125000000000051159e+01
2.127500000000051728e+01
2.130000000000051585e+01
2.132500000000051443e+01
2.135000000000052012e+01
2.137500000000051870e+01
2.140000000000051728e+01
2.142500000000051585e+01
2.145000000000051443e+01
2.147500000000052012e+01
2.150000000000051870e+01
2.152500000000051728e+01
2.155000000000052296e+01
2.157500000000052154e+01
2.160000000000052012e+01
2.162500000000051870e+01
2.165000000000051728e+01
2.167500000000052296e+01
2.170000000000052154e+01
2.172500000000052012e+01
2.175000000000052580e+01
2.177500000000052438e+01
2.180000000000052296e+01
2.182500000000052154e+01
2.185000000000052012e+01
2.187500000000052580e+01
2.190000000000052438e+01
2.192500000000052296e+01
2.195000000000052864e+01
2.197500000000052722e+01
2.200000000000052580e+01
2.202500000000052438e+01
2.205000000000052296e+01
2.207500000000052864e+01
2.210000000000052722e+01
2.212500000000052580e+01
2.215000000000053149e+01
2.217500000000053006e+01
2.220000000000052864e+01
2.222500000000052722e+01
2.225000000000052580e+01
2.227500000000053149e+01
2.230000000000053006e+01
2.232500000000052864e+01
2.235000000000053433e+01
2.237500000000053291e+01
2.240000000000053149e+01
2.242500000000053006e+01
2.245000000000052864e+01
2.247500000000053433e+01
2.250000000000053291e+01
2.252500000000053149e+01
2.255000000000053717e+01
2.257500000000053575e+01
2.260000000000053433e+01
2.262500000000053291e+01
2.265000000000053149e+01
2.267500000000053717e+01
2.270000000000053575e+01
2.272500000000053433e+01
2.275000000000054001e+01
2.277500000000053859e+01
2.280000000000053717e+01
2.282500000000053575e+01
2.285000000000053433e+01
2.287500000000054001e+01
2.290000000000053859e+01
2.292500000000053717e+01
2.295000000000054285e+01
2.297500000000054143e+01
2.300000000000054001e+01
2.302500000000053859e+01
2.305000000000053717e+01
2.307500000000054285e+01
2.310000000000054143e+01
2.312500000000054001e+01
2.315000000000054570e+01
2.317500000000054428e+01
2.320000000000054285e+01
2.322500000000054143e+01
2.325000000000054001e+01
2.327500000000054570e+01
2.330000000000054428e+01
2.332500000000054285e+01
2.335000000000054854e+01
2.337500000000054712e+01
2.340000000000054570e+01
2.342500000000054428e+01
2.345000000000054285e+01
2.347500000000054854e+01
2.350000000000054712e+01
2.352500000000054570e+01
2.355000000000055138e+01
2.357500000000054996e+01
2.360000000000054854e+01
2.362500000000054712e+01
2.365000000000054570e+01
2.367500000000055138e+01
2.370000000000054996e+01
2.372500000000054854e+01
2.375000000000055422e+01
2.377500000000055280e+01
2.380000000000055138e+01
2.382500000000054996e+01
2.385000000000054854e+01
2.387500000000055422e+01
2.390000000000055280e+01
2.392500000000055138e+01
2.395000000000055707e+01
2.397500000000055564e+01
2.400000000000055422e+01
2.402500000000055280e+01
2.405000000000055138e+01
2.407500000000055707e+01
2.410000000000055564e+01
2.412500000000055422e+01
2.415000000000055991e+01
2.417500000000055849e+01
2.420000000000055707e+01
2.422500000000055564e+01
2.425000000000055422e+01
2.427500000000055991e+01
2.430000000000055849e+01
2.432500000000055707e+01
2.435000000000056275e+01
2.437500000000056133e+01
2.440000000000055991e+01
2.442500000000055849e+01
2.445000000000055707e+01
2.447500000000056275e+01
2.450000000000056133e+01
2.452500000000055991e+01
2.455000000000056559e+01
2.457500000000056417e+01
2.460000000000056275e+01
2.462500000000056133e+01
2.465000000000055991e+01
2.467500000000056559e+01
2.470000000000056417e+01
2.472500000000056275e+01
2.475000000000056843e+01
2.477500000000056701e+01
2.480000000000056559e+01
2.482500000000056417e+01
2.485000000000056275e+01
2.487500000000056843e+01
2.490000000000056701e+01
2.492500000000056559e+01
2.495000000000057128e+01
2.497500000000056986e+01
